<?xml version="1.0"?>
<opencv_storage>
<CameraMatrix type_id="opencv-matrix">
  <rows>3</rows>
  <cols>3</cols>
  <dt>d</dt>
  <data>
    6.1372132083428801e+02 0. 3.2284147986192397e+02 0.
    5.8929596808787289e+02 2.5529308543875095e+02 0. 0. 1.</data></CameraMatrix>
<DistortionCoefficients type_id="opencv-matrix">
  <rows>5</rows>
  <cols>1</cols>
  <dt>d</dt>
  <data>
    1.6333225660883258e-01 -4.1518492966501391e-01
    -1.2008934135154775e-03 9.5893791981326146e-04
    3.3042621537840489e-01</data></DistortionCoefficients>
</opencv_storage>
