<?xml version="1.0"?>
<opencv_storage>
<CameraMatrix type_id="opencv-matrix">
  <rows>3</rows>
  <cols>3</cols>
  <dt>d</dt>
  <data>
    1.1449790588630472e+03 0. 3.2901412207447629e+02 0.
    1.1433570401158213e+03 2.2216038419254747e+02 0. 0. 1.</data></CameraMatrix>
<DistortionCoefficients type_id="opencv-matrix">
  <rows>5</rows>
  <cols>1</cols>
  <dt>d</dt>
  <data>
    -2.5741120682048257e-01 4.8105669937760095e-02
    -1.4099135336932203e-03 -1.5549702847704051e-03
    9.0207068864338724e-01</data></DistortionCoefficients>
</opencv_storage>
